Enter the filename to read from: processes.txt

Time Unit: 1
[(1, 3, 30), (2, 4, 10)]
-
[(2, 4, 10)]
(1, 3, 30)
[(2, 4, 10)]
(1, 2, 30)

Time Unit: 2
[(2, 4, 10)]
(1, 2, 30)
[(2, 4, 10)]
(1, 2, 30)
[(1, 1, 30), (2, 4, 10)]
-

Time Unit: 3
[(1, 1, 30), (2, 4, 10), (3, 3, 10)]
-
[(3, 3, 10), (2, 4, 10)]
(1, 1, 30)
[(3, 3, 10), (2, 4, 10)]
-

Time Unit: 4
[(4, 3, 15), (2, 4, 10), (3, 3, 10)]
(4, 3, 15)
[(3, 3, 10), (2, 4, 10)]
(4, 3, 15)
[(4, 2, 15), (2, 4, 10), (3, 3, 10)]
-

Time Unit: 5
[(4, 2, 15), (2, 4, 10), (3, 3, 10)]
-
[(3, 3, 10), (2, 4, 10)]
(4, 2, 15)
[(3, 3, 10), (2, 4, 10)]
(4, 1, 15)

Time Unit: 6
[(3, 3, 10), (2, 4, 10)]
(4, 1, 15)
[(3, 3, 10), (2, 4, 10)]
(4, 1, 15)
[(3, 3, 10), (2, 4, 10)]
-

Time Unit: 7
[(3, 3, 10), (2, 4, 10)]
-
[(2, 4, 10)]
(3, 3, 10)
[(2, 4, 10)]
(3, 2, 10)

Time Unit: 8
[(2, 4, 10)]
(3, 2, 10)
[(2, 4, 10)]
(3, 2, 10)
[(2, 4, 10), (3, 1, 10)]
-

Time Unit: 9
[(2, 4, 10), (3, 1, 10)]
-
[(3, 1, 10)]
(2, 4, 10)
[(3, 1, 10)]
(2, 3, 10)

Time Unit: 10
[(3, 1, 10)]
(2, 3, 10)
[(3, 1, 10)]
(2, 3, 10)
[(3, 1, 10), (2, 2, 10)]
-

Time Unit: 11
[(3, 1, 10), (2, 2, 10)]
-
[(2, 2, 10)]
(3, 1, 10)
[(2, 2, 10)]
-

Time Unit: 12
[(2, 2, 10)]
(2, 2, 10)
[]
(2, 2, 10)
[(2, 1, 10)]
-

Time Unit: 13
[(2, 1, 10)]
-
[]
(2, 1, 10)
[]
-
